(1964) 4 SCR 280 [303] [304] Id. at p. 530 [305] [306] (1951) 2 SCR 127 [307]
[308] 1961 (3) SCR 77 [309] [310] 1962 (2) SCR 983 [311] [312] (1962) Supp.
(2) SCR 1 [313] [314] (1963) 1 SCR 220 [315] [316] (1989) 3 SCC 634 [317]
[318] AIR (1963) SC 1237 [319] [320] (1963) Suppl.(2) SCR 435 [321] [322] AIR
(1964) SC 1729 [323] [324] (1968) 3 SCR 829 [325] [326] (1966) 1 SCR 865 [327]
[328] (1970) 1 SCR 700 [329] [330] (1969) 2 SCR 544 [331] [332] (1977) 1 SCC
234 [333] [334] (1980) 4 SCC 697 [335] [336] (1988) 2 SCC 568 [337] [338]
(1990) 3 SCC 87 [339] [340] (Id. at p. 112, Para 35) [341] [342] (1996) 11 SCC
39 [343] [344] (1996) 11 SCC 39 [345] [346] (1961) 3 SCR 242 [347] [348]
(1961) 3 SCR 707 [349] [350] (1963) Supp. 2 SCR 216 [351] [352] (1995) 1 SCC
351 [353] [354] (Permanent Ed. Vol. 19A) [355] [356] (IInd Ed. Vol. II, p. 59)
[357] [358] (4th Ed. Vol. III, Id. at p. 3134) [359] [360] (1989) 3 SCC 488
[361] [362] (2007) 7 SCC 527 [363] [364] (2002) 5 SCC 203 [365] [366] (2000) 1
SCC 688 (Pr. 24) [367] [368] 1942 F.C.R.90 [369] [370] AIR (1945) PC 98 [371]
[372] AIR (1950) SC 11 [373] [374] (1962) Supp. 1 SCR 282 [375] [376] (1980) 2
