\-----------------------
    [1]    AIR 2001 SC 499
    [2]    (2013) 1 SCC 641
    [3]    (2005) 8 SCC 618
    [4]    (2011) 13 SCC 258
    [5]    (2009) 1 SCC 267
    [6]    (2007) 4 SCC 599
    [7]    (1987) 1 SCC 213
    [8]    (1901) AC 495
    [9]    (1990) 4 SCC 207
    [10]   (1882) 7 App Cas 259 : 46 LT 826 (HL)
    [11]   (2006) 1 SCC 275
    [12]   (2003) 6 SCC 697
    [13]   (2012) 10 SCC 1
    [14]   (2004) 3 SCC 75
    [15]   (2008) 3 SCC 574
    [16]   (2002) 2 SCC 388
    [17]   (2011) 5 SCC 532
    -----------------------
    35
